HexNAc = 203.07937
Hex = 162.05282
Fuc = 146.057909
NeuAc = 291.0954165
NeuGc = 307.0903
Phospho = 79.96633
Sulfo = 79.956815
Sulf = 79.956815
Pentose = 132.0423
pent = 132.0423
KDN = 250.0689
HexA = 176.03209
NH3 = 17.02655
K = 38.963707
Na = 22.989768
TFA = 112.9850391
Fe3 = 52.911462
Xyl = 150.05282
Formyl = 27.99491
HexPh = 242.01915
Acetyl = 42.01056
SuccinylHex = 262.06890
Pseudaminic = 232.10592